<!DOCTYPE html>
<html>
  
  <head data-gwd-animation-mode="proMode">
    <title>wow</title>
    <meta http-equiv="Content-Type" content="text/html; charset=utf-8">
    <meta name="generator" content="Google Web Designer 1.0.1.1025">
    <style type="text/css">
      html, body {
        width: 100%;
        height: 100%;
        margin: 0px;
      }
      body {
        background-size: cover;
        -webkit-transform: perspective(1400px) matrix3d(1, 0, 0, 0, 0, 1, 0, 0, 0, 0, 1, 0, 0, 0, 0, 1);
        -webkit-transform-style: preserve-3d;
        background-image: url(doge.jpg);
      }
      .gwd-div-cial {
        position: absolute;
        font-family:'Times New Roman';
        text-align: left;
        color: rgb(0, 0, 0);
        left: 162.5px;
        top: 105.5px;
        background-image: none;
        background-color: rgb(233, 106, 106);
        -webkit-transform: matrix3d(0.876099677, -0.4683670025, -0.1143752891, 0, 0.437697833, 0.8721286033, -0.2186602532, 0, 0.2021632086, 0.1415063611, 0.9690748098, 0, 2.0869420098, -70.4912247741, 0, 1);
        -webkit-transform-style: preserve-3d;
      }
      .gwd-span-fv69 {
        font-size: 96px;
        font-family:'Comic Sans MS';
        color: rgb(37, 215, 18);
        -webkit-transform-origin: 142px 67px 0px;
        -webkit-transform: matrix3d(1, 0, 0, 0, 0, 1, 0, 0, 0, 0, 1, 0, 0, 0, 0, 1);
        -webkit-transform-style: preserve-3d;
      }
      .gwd-div-4f09 {
        position: absolute;
        left: 762px;
        top: 253px;
        font-family:'Times New Roman';
        text-align: left;
        color: rgb(0, 0, 0);
        background-image: none;
        background-color: rgb(20, 240, 0);
        -webkit-transform-style: preserve-3d;
        -webkit-transform: matrix3d(0.5149297084, -0.1725585234, 0.839685031, 0, 0.237352453, 0.9699342794, 0.0537708735, 0, -0.8237179179, 0.1716130816, 0.5404051645, 0, 87.3500896195, -9.5074190811, -13.9894764094, 1);
        -webkit-transform-origin: 67.2871742469px 37.4174867327px 0px;
      }
      .gwd-span-iuz6 {
        font-family:'Comic Sans MS';
        font-size: 53px;
        color: rgb(218, 233, 28);
      }
      .gwd-gen-v1iugwdanimation {
        -webkit-animation: gwd-gen-v1iugwdanimation_animation 2s linear 0s infinite forwards;
      }
      .gwd-gen-jgurgwdanimation {
        -webkit-animation: gwd-gen-jgurgwdanimation_animation 2s linear 0s infinite forwards;
      }
      @-webkit-keyframes gwd-gen-v1iugwdanimation_animation {
        0% {
          -webkit-animation-timing-function: linear;
        }
        50% {
          -webkit-animation-timing-function: linear;
        }
        100% {
          -webkit-animation-timing-function: linear;
        }
      }
      @-webkit-keyframes gwd-gen-jgurgwdanimation_animation {
        0% {
          -webkit-animation-timing-function: linear;
          -webkit-transform: matrix3d(0.949162184, -0.219775554, -0.2253660449, 0, 0.237352453, 0.9699342794, 0.0537708735, 0, 0.2067727288, -0.1045284633, 0.9727892058, 0, 0, 0, 0, 1);
          -webkit-transform-origin: 50% 50% 0px;
        }
        50% {
          -webkit-animation-timing-function: linear;
          -webkit-transform: matrix3d(-0.9271593943, 0.2096713493, 0.3105050445, 0, 0.237352453, 0.9699342794, 0.0537708735, 0, -0.2898952749, 0.1235533045, -0.9490496881, 0, 0, 0, 0, 1);
          -webkit-transform-origin: 50% 50% 0px;
        }
        100% {
          -webkit-animation-timing-function: linear;
          -webkit-transform: matrix3d(0.5149297084, -0.1725585234, 0.839685031, 0, 0.237352453, 0.9699342794, 0.0537708735, 0, -0.8237179179, 0.1716130816, 0.5404051645, 0, 87.3500896195, -9.5074190811, -13.9894764094, 1);
          -webkit-transform-origin: 67.2871742469px 37.4174867327px 0px;
        }
      }
      .gwd-div-vw2d {
        position: absolute;
        font-family:'Times New Roman';
        text-align: left;
        color: rgb(0, 0, 0);
        background-image: none;
        background-color: rgb(226, 97, 189);
        -webkit-transform-style: preserve-3d;
        top: 429px;
        left: 104.36633663366518px;
        -webkit-transform: matrix3d(0.6907910149, 0.0825301858, -0.718328993, 0, 0.3872383025, 0.7967511317, 0.4639333262, 0, 0.6106179418, -0.5986454732, 0.518429674, 0, 0, 0, 0, 1);
        -webkit-transform-origin: 199.5px 45px 0px;
      }
      .gwd-span-892k {
        font-family:'Comic Sans MS';
        color: rgb(0, 176, 235);
        font-size: 64px;
        -webkit-transform: matrix3d(1, 0, 0, 0, 0, 1, 0, 0, 0, 0, 1, 0, 0, 0, 0, 1);
        -webkit-transform-style: preserve-3d;
      }
      .gwd-gen-vnx0gwdanimation {
        -webkit-animation: gwd-gen-vnx0gwdanimation_gwd-keyframes 2.1s linear 0s infinite forwards;
      }
      .gwd-body {
        background-color: transparent;
      }
      @-webkit-keyframes gwd-gen-vnx0gwdanimation_gwd-keyframes {
        0% {
          top: 497px;
          left: 104.36633663366518px;
          -webkit-transform: matrix3d(1, 0, 0, 0, 0, 1, 0, 0, 0, 0, 1, 0, 0, 0, 0, 1);
          -webkit-transform-origin: 50% 50% 0px;
          -webkit-animation-timing-function: linear;
        }
        9.52381% {
          top: 429px;
          left: 104.36633663366518px;
          -webkit-transform: matrix3d(-0.5918062742, -0.2608347681, -0.7627126311, 0, 0.002841082, 0.9455185756, -0.3255557579, 0, 0.8060752211, -0.1948328693, -0.5588227725, 0, 0, 0, 0, 1);
          -webkit-transform-origin: 50% 50% 0px;
          -webkit-animation-timing-function: linear;
        }
        23.8095% {
          top: 429px;
          left: 104.36633663366518px;
          -webkit-transform: matrix3d(-0.5918062742, -0.2608347681, -0.7627126311, 0, 0.002841082, 0.9455185756, -0.3255557579, 0, 0.8060752211, -0.1948328693, -0.5588227725, 0, 72.9637610144, -170.5774412904, 0, 1);
          -webkit-transform-origin: 50% 50% 0px;
          -webkit-animation-timing-function: linear;
        }
        38.0952% {
          top: 429px;
          left: 104.36633663366518px;
          -webkit-transform: matrix3d(-0.5918062742, -0.2608347681, -0.7627126311, 0, 0.2520591504, -0.9586314325, 0.1322571788, 0, -0.7656575726, -0.1139780695, 0.6330698865, 0, 0, 0, 0, 1);
          -webkit-transform-origin: 50% 50% 0px;
          -webkit-animation-timing-function: cubic-bezier(0.25, 0.25, 0.455, 0.955);
        }
        76.1905% {
          top: 429px;
          left: 104.36633663366518px;
          -webkit-transform: matrix3d(0.6907910149, 0.0825301858, -0.718328993, 0, 0.3872383025, 0.7967511317, 0.4639333262, 0, 0.6106179418, -0.5986454732, 0.518429674, 0, 0, 0, 0, 1);
          -webkit-transform-origin: 199.5px 45px 0px;
          -webkit-animation-timing-function: cubic-bezier(0.25, 0.25, 0.81, 0.16);
        }
        100% {
          top: 429px;
          left: 104.36633663366518px;
          -webkit-transform: matrix3d(0.6907910149, 0.0825301858, -0.718328993, 0, 0.3872383025, 0.7967511317, 0.4639333262, 0, 0.6106179418, -0.5986454732, 0.518429674, 0, 0, 0, 0, 1);
          -webkit-transform-origin: 199.5px 45px 0px;
          -webkit-animation-timing-function: linear;
        }
      }
    </style>
  </head>
  
  <body class="gwd-body">
    <div class="gwd-div-cial gwd-gen-v1iugwdanimation"><span class="gwd-span-fv69">wow</span>

    </div>
    <div class="gwd-div-4f09 gwd-gen-jgurgwdanimation"><span class="gwd-span-iuz6">such spin</span>

    </div>
    <div class="gwd-div-vw2d gwd-gen-vnx0gwdanimation"><span class="gwd-span-892k">many web 3.0</span>

    </div>
  </body>

</html>